0.0
6.2500358059249156e-06
2.5000572834098547e-05
5.625289944952221e-05
0.00010000916137830263
0.00015627235938596817
0.00022504634602405813
0.0003063358214564909
0.00040014632835663874
0.0005064842458859513
0.0006253567827512524
0.0007567719693471235
0.0009007386489875829
0.0010572664682261704
0.0012263658662759465
0.0014080480635278551
0.0016023250491780728
0.0018092095679669966
0.0020287151060336336
0.0022608558759015457
0.0025056468005892653
0.00276310349686709
0.0030332422576545026
0.0033160800335785725
0.003611634413692453
0.003919923605368798
0.004240966413374074
0.004574782218135496
0.004921390953210095
0.005280813081966765
0.005653069573489027
0.006038181877717776
0.0064361718998331005
0.006847061973901522
0.007270874835788655
0.0077076335953565325
0.008157361707958197
0.008620082945239764
0.009095821365267855
0.009584601281990584
0.010086447234054701
0.010601383952984381
0.011129436330744247
0.01167062938669504
0.012224988233966488
0.01279253804525047
0.01337330401804413
0.013967311339349794
0.014574585149851176
0.015195150507585527
0.015829032351125056
0.01647625546228462
0.017136844428378928
0.017810823604040328
0.018498217072619512
0.01919904860718662
0.019913341631150036
0.020641119178512485
0.021382403853784683
0.022137217791573457
0.02290558261586367
0.023687519399016713
0.024483048620499267
0.02529219012537002
0.026114963082535816
0.026951385942804034
0.027801476396747783
0.02866525133240492
0.02954272679283192
0.030433917933534976
0.031338838979791755
0.03225750318389529
0.03318992278233172
0.0341361089529171
0.035096071771914046
0.03606982017114687
0.037057361895139924
0.03805870345829667
0.039073850102142
0.04010280575265068
0.04114557297767952
0.042202152944526984
0.04327254537764088
0.044356748516494585
0.04545475907365292
0.046566572193050895
0.04769218140850099
0.0488315786024573
0.049984753965051
0.05115169595342049
0.05233239125135884
0.05352682472929555
0.05473497940463452
0.055956836402470705
0.0571923749167024
0.05844157217156281
0.05970440338358648
0.06098084172403642
0.06227085828180633
0.06357442202682032
0.06489149977394876
0.06622205614746055
0.06756605354602886
0.06892345210831254
0.07029420967912672
0.07167828177622773
0.07307562155772451
0.07448617979013862
0.07590990481712995
0.07734674252890222
0.07879663633231293
0.0802595271216953
0.0817353532504193
0.08322405050319973
0.08472555206917226
0.08623978851575374
0.08776668776329744
0.08930617506056793
0.09085817296104058
0.09242260130004605
0.09399937717277611
0.09558841491315948
0.0971896260736236
0.09880291940576184
0.10042820084190754
0.10206537347763814
0.10371433755521865
0.10537499044799427
0.10704722664574573
0.10873093774102012
0.1104260124164467
0.11213233643304836
0.11384979261955898
0.11557826086275698
0.11731761809882538
0.11906773830574657
0.12082849249673916
0.12259974871474784
0.12438137202799324
0.12617322452658883
0.1279751653202305
0.12978705053697046
0.13160873332307588
0.13344006384398
0.1352808892863354
0.13713105386116606
0.1389903988081313
0.14085876240089965
0.14273597995363857
0.14462188382862431
0.1465163034449721
0.1484190652884923
0.1503299929226698
0.15224890700077434
0.15417562527909576
0.15610996263131088
0.15805173106397816
0.16000073973316187
0.16195679496218246
0.16391970026049782
0.1658892563437034
0.16786526115466174
0.169847509885747
0.17183579500221083
0.17382990626665798
0.17582963076463617
0.17783475293132658
0.179845054579341
0.18186031492760846
0.18388031063135293
0.18590481581315896
0.1879336020951076
0.189966438631987
0.19200309214556327
0.19404332695990512
0.19608690503775789
0.19813358601795092
0.2001831272538358
0.20223528385274311
0.20428980871644514
0.20634645258261997
0.20840496406730213
0.21046508970830777
0.21252657400962457
0.21458915948675625
0.21665258671300336
0.218716594366674
0.22078091927920837
0.2228452964841994
0.224909459267306
0.22697313921703227
0.2290360662763685
0.23109796879526978
0.2331585735839654
0.23521760596707708
0.23727478983853023
0.2393298477172474
0.24138250080359996
0.24343246903660443
0.2454794711518484
0.24752322474012042
