2.007089923154493
2.0071024675383784
2.0071401015523014
2.0072028277821263
2.0072906505345185
2.007403575832284
2.0075416114078406
2.0077047666948395
2.007893052817925
2.008106482580647
2.0083450704515293
2.0086088325482954
2.0088977866202717
2.009211952028959
2.009551349726796
2.009916002234117
2.0103059336143163
2.0107211694472342
2.0111617368007644
2.0116276642007196
2.01211898159894
2.012635720339688
2.0131779131243177
2.0137455939742623
2.014338798192333
2.014957562322364
2.0156019241072127
2.016271922445139
2.0169675973445846
2.017688989877371
2.018436142130334
2.0192090971554344
2.020007898918338
2.020832592245525
2.021683222769922
2.0225598368751
2.023462481638062
2.0243912047706396
2.0253460545595354
2.02632707980503
2.0273343297583937
2.0283678540580197
2.0294277026643193
2.0305139257933993
2.0316265738495694
2.0327656973566857
2.033931346888391
2.0351235729972634
2.0363424261429164
2.0375879566190838
2.0388602144797225
2.0401592494641636
2.0414851109213585
2.0428378477332445
2.044217508237272
2.0456241401481305
2.047057790478707
2.0485185054603163
2.050006330462244
2.0515213099106364
2.0530634872067757
2.054632904644786
2.0562296033287986
2.0578536230896307
2.059505002401002
2.0611837782953426
2.062889986279223
2.064623660248454
2.066384832402892
2.068173533161002
2.0699897910741942
2.071833632741013
2.0737050827211867
2.0756041634495968
2.0775308951502085
2.0794852957499965
2.0814673807929176
2.0834771633539653
2.0855146539533513
2.08757986047086
2.0896727880604113
2.091793439064878
2.0939418129312015
2.0961179061258473
2.098321712050637
2.1005532209590116
2.1028124198727514
2.1050992924992116
2.1074138191491034
2.1097559766548657
2.1121257382896736
2.114523073687119
2.1169479487616036
2.1194003256294964
2.12188016253108
2.1243874137533427
2.1269220295536404
2.1294839560842855
2.132073135318088
2.134689504974895
2.1373329984491676
2.140003544738632
2.1427010683740444
2.1454254893501084
2.1481767230575772
2.150954680216588
2.153759266811253
2.156590384025554
2.159447928180571
2.1623317906730777
2.1652418579155475
2.1681780112775924
2.1711401270288824
2.1741280762835657
2.17714172494623
2.180180933659437
2.183245557752854
2.18633544719403
2.1894504465408255
2.1925903948955408
2.1957551258607704
2.198944467497006
2.202158242282016
2.205396267072043
2.208658353064821
2.2119443057644603
2.215253924948216
2.2185870046351632
2.2219433330568044
2.225322692629633
2.228724859929676
2.2321496056690338
2.2355966946744386
2.239065885867854
2.2425569322491326
2.246069580880753
2.2496035728746464
2.2531586433811364
2.2567345215800083
2.2603309306737187
2.263947587882758
2.2675842044431893
2.2712404856063655
2.2749161306408374
2.2786108328364754
2.2823242795107954
2.2860561520175176
2.2898061257573517
2.2935738701910227
2.2973590488545446
2.3011613193767424
2.3049803334990346
2.30881573709747
2.3126671702070327
2.316534267048209
2.3204166560558215
2.3243139599101275
2.328225795570187
2.3321517743094877
2.336091501753843
2.3400445779215326
2.344010597265712
2.347989148719059
2.3519798157406715
2.3559821763651922
2.3599958032541695
2.3640202637496275
2.368055119929858
2.3720999286673985
2.3761542416891994
2.3802176056389763
2.3842895621417095
2.3883696478703005
2.3924573946143566
2.396552329351091
2.400653974318329
2.404761847089586
2.4088754606512204
2.4129943234816222
2.417117939632429
2.421245808811746
2.4253774264693493
2.429512283883844
2.433649868251758
2.437789662778554
2.441931146771517
2.446073795734513
2.4502170814645776
2.454360472150305
2.4585034324720287
2.4626454237037403
2.466785903816737
2.4709243275849504
2.4750601466919453
2.4791928098395375
2.483321762858007
2.4874464488178796
2.4915663081432298
2.49568077872648
2.499789296044662
2.5038912932770936
